

## Read `h3libapi.h` and write all 'inline' function defs to `init.c`

# lines <- readLines("~/Documents/github/h3lib/inst/include/h3libapi.h")
# fns <- lines[ grepl("inline ", lines) ]
# fns <- gsub("inline ", "", fns)
# fns <- gsub("\\(.*","",fns)
# fns <- gsub(" ", " (*", fns)
# fns <- paste0(fns, ");\n")
# cat(fns)


stations <- structure(list(stop_id = c("15351", "15353", "19827", "19828",
                           "19829", "19830", "19831", "19832", "19833", "19834", "19835",
                           "19836", "19837", "19838", "19839", "19840", "19841", "19842",
                           "19843", "19844", "19845", "19846", "19847", "19848", "19849",
                           "19850", "19851", "19852", "19853", "19854", "19855", "19856",
                           "19857", "19858", "19859", "19860", "19861", "19862", "19863",
                           "19864", "19866", "19867", "19868", "19869", "19870", "19871",
                           "19872", "19873", "19874", "19875", "19877", "19878", "19879",
                           "19880", "19881", "19882", "19883", "19884", "19885", "19886",
                           "19887", "19888", "19889", "19890", "19891", "19892", "19893",
                           "19894", "19897", "19898", "19899", "19900", "19901", "19902",
                           "19903", "19904", "19905", "19906", "19907", "19908", "19909",
                           "19910", "19911", "19912", "19913", "19914", "19915", "19916",
                           "19917", "19918", "19919", "19920", "19921", "19922", "19923",
                           "19924", "19925", "19926", "19927", "19928", "19929", "19930",
                           "19931", "19932", "19933", "19934", "19935", "19936", "19937",
                           "19938", "19939", "19940", "19941", "19943", "19944", "19945",
                           "19946", "19947", "19948", "19949", "19950", "19951", "19952",
                           "19953", "19954", "19955", "19956", "19957", "19958", "19959",
                           "19960", "19961", "19962", "19963", "19964", "19965", "19966",
                           "19967", "19968", "19969", "19970", "19971", "19972", "19973",
                           "19974", "19975", "19976", "19977", "19978", "19979", "19983",
                           "19984", "19985", "19986", "19987", "19988", "19989", "19990",
                           "19991", "19992", "19993", "19994", "19995", "19996", "19997",
                           "20000", "20001", "20002", "20003", "20004", "20005", "20006",
                           "20007", "20008", "20009", "20010", "20011", "20012", "20013",
                           "20014", "20015", "20016", "20017", "20019", "20021", "20022",
                           "20023", "20024", "20025", "20026", "20030", "20031", "20032",
                           "20033", "20034", "20035", "20036", "20037", "20038", "20039",
                           "20040", "20041", "20042", "22180", "40220", "40221", "44817",
                           "45793", "45794", "45795", "46468", "52095", "52159", "52160",
                           "52161", "19876", "19865", "49343", "19942"), stop_name = c("Sunbury",
                                                                                       "Diggers Rest", "Stony Point", "Crib Point", "Morradoo", "Bittern",
                                                                                       "Hastings", "Tyabb", "Somerville", "Baxter", "Glen Iris", "Leawarra",
                                                                                       "Darling", "East Malvern", "Holmesglen", "Jordanville", "Flagstaff",
                                                                                       "Melbourne Central", "Parliament", "Belgrave", "Tecoma", "Upwey",
                                                                                       "Alamein", "Ashburton", "Burwood", "Hartwell", "Willison", "Riversdale",
                                                                                       "Camberwell", "Flinders Street", "Frankston", "Kananook", "Seaford",
                                                                                       "Carrum", "Bonbeach", "Chelsea", "Edithvale", "Aspendale", "Mordialloc",
                                                                                       "Parkdale", "Cheltenham", "Upper Ferntree Gully", "Ferntree Gully",
                                                                                       "Boronia", "Bayswater", "Heathmont", "Highett", "Glen Waverley",
                                                                                       "Syndal", "Mount Waverley", "Mooroolbark", "Croydon", "Ringwood East",
                                                                                       "Pakenham", "Officer", "Beaconsfield", "Berwick", "Narre Warren",
                                                                                       "Hallam", "Cranbourne", "Merinda Park", "Dandenong", "Yarraman",
                                                                                       "Noble Park", "Sandown Park", "East Camberwell", "Canterbury",
                                                                                       "Chatham", "Laburnum", "Blackburn", "Nunawading", "Mitcham",
                                                                                       "Heatherdale", "Ringwood", "Auburn", "Glenferrie", "Hawthorn",
                                                                                       "Burnley", "East Richmond", "Richmond", "Heyington", "Kooyong",
                                                                                       "Tooronga", "Gardiner", "Springvale", "Westall", "Clayton", "Huntingdale",
                                                                                       "Oakleigh", "Hughesdale", "Murrumbeena", "Carnegie", "Werribee",
                                                                                       "Hoppers Crossing", "Laverton", "Aircraft", "Westona", "Altona",
                                                                                       "Seaholme", "Westgarth", "Dennis", "Fairfield", "Alphington",
                                                                                       "Darebin", "Ivanhoe", "Eaglemont", "Heidelberg", "Rosanna", "Moorabbin",
                                                                                       "Patterson", "Bentleigh", "McKinnon", "Ormond", "Caulfield",
                                                                                       "Malvern", "Armadale", "Toorak", "Hawksburn", "Sandringham",
                                                                                       "Hampton", "Brighton Beach", "Middle Brighton", "North Brighton",
                                                                                       "Gardenvale", "Elsternwick", "Ripponlea", "Balaclava", "Windsor",
                                                                                       "Prahran", "South Yarra", "Upfield", "Gowrie", "Fawkner", "Merlynston",
                                                                                       "Batman", "Coburg", "Moreland", "Anstey", "Brunswick", "Jewell",
                                                                                       "Royal Park", "Flemington Bridge", "Macaulay", "North Melbourne",
                                                                                       "Clifton Hill", "Victoria Park", "Collingwood", "North Richmond",
                                                                                       "West Richmond", "Jolimont-MCG", "Macleod", "Watsonia", "Greensborough",
                                                                                       "Montmorency", "Eltham", "Diamond Creek", "Wattle Glen", "Hurstbridge",
